,ACC,Localization,Cell wall & surface,Extracellular,Cytoplasmic,Cytoplasmic Membrane,Outer Membrane,Periplasmic
0,tr|A0A009H1Z0|A0A009H1Z0_9GAMM,Cytoplasmic,0.0000,0.0011,0.9962,0.0004,0.0021,0.0002
1,tr|A0A009HCT7|A0A009HCT7_9GAMM,Cytoplasmic,0.0001,0.0022,0.9934,0.0032,0.0009,0.0002
2,tr|A0A009HRD8|A0A009HRD8_ACIB9,Cytoplasmic,0.0000,0.0021,0.9953,0.0006,0.0018,0.0002
3,tr|A0A009I523|A0A009I523_ACIB9,Cytoplasmic,0.0001,0.0023,0.9919,0.0041,0.0014,0.0002
4,tr|A0A009N468|A0A009N468_9GAMM,Cytoplasmic,0.0000,0.0016,0.9950,0.0007,0.0022,0.0004
5,tr|A0A009N6V0|A0A009N6V0_9GAMM,Cytoplasmic,0.0001,0.0019,0.9935,0.0033,0.0009,0.0002
6,tr|A0A009PD57|A0A009PD57_ACIBA,Cytoplasmic,0.0000,0.0021,0.9953,0.0006,0.0018,0.0002
7,tr|A0A009QCK8|A0A009QCK8_ACIBA,Cytoplasmic,0.0001,0.0027,0.9900,0.0055,0.0015,0.0002
8,tr|A0A009R8H0|A0A009R8H0_9GAMM,Cytoplasmic,0.0000,0.0025,0.9947,0.0007,0.0017,0.0004
9,tr|A0A009RT57|A0A009RT57_9GAMM,Cytoplasmic,0.0001,0.0022,0.9934,0.0032,0.0009,0.0002
10,tr|A0A009SI62|A0A009SI62_ACIBA,Cytoplasmic,0.0000,0.0021,0.9953,0.0006,0.0018,0.0002
11,tr|A0A009TGX8|A0A009TGX8_ACIBA,Cytoplasmic,0.0001,0.0027,0.9900,0.0055,0.0015,0.0002
12,tr|A0A009YTH9|A0A009YTH9_9GAMM,Cytoplasmic,0.0001,0.0055,0.9860,0.0055,0.0023,0.0006
13,tr|A0A009ZCB5|A0A009ZCB5_9GAMM,Cytoplasmic,0.0000,0.0058,0.9836,0.0023,0.0044,0.0039
14,tr|A0A010INF0|A0A010INF0_9GAMM,Cytoplasmic,0.0000,0.0020,0.9949,0.0009,0.0019,0.0003
15,tr|A0A010JMD3|A0A010JMD3_9GAMM,Cytoplasmic,0.0001,0.0023,0.9931,0.0033,0.0010,0.0002
16,tr|A0A010RN88|A0A010RN88_PSEFL,Cytoplasmic,0.0000,0.0154,0.9821,0.0005,0.0009,0.0012
17,tr|A0A011MJ67|A0A011MJ67_9PAST,Cytoplasmic,0.0000,0.0110,0.9674,0.0101,0.0109,0.0006
18,tr|A0A011UXL5|A0A011UXL5_RUMAL,Cytoplasmic,0.0003,0.0074,0.8423,0.0691,0.0633,0.0176
19,tr|A0A011VUM0|A0A011VUM0_RUMAL,Cytoplasmic,0.0001,0.1351,0.8206,0.0093,0.0267,0.0083
20,tr|A0A013T945|A0A013T945_9GAMM,Cytoplasmic,0.0000,0.0025,0.9947,0.0007,0.0017,0.0004
21,tr|A0A013TCJ8|A0A013TCJ8_9GAMM,Cytoplasmic,0.0001,0.0021,0.9930,0.0038,0.0009,0.0002
22,tr|A0A013TSB9|A0A013TSB9_9GAMM,Cytoplasmic,0.0000,0.0009,0.9962,0.0006,0.0021,0.0003
23,tr|A0A013UUB9|A0A013UUB9_9GAMM,Cytoplasmic,0.0001,0.0022,0.9934,0.0032,0.0009,0.0002
24,tr|A0A014KZH8|A0A014KZH8_9ACTN,Cytoplasmic,0.0000,0.0013,0.9982,0.0000,0.0003,0.0002
25,tr|A0A014L8W3|A0A014L8W3_9ACTN,Cytoplasmic,0.0000,0.0111,0.9627,0.0201,0.0042,0.0018
26,tr|A0A014MBQ3|A0A014MBQ3_9GAMM,Cytoplasmic,0.0000,0.0277,0.9449,0.0174,0.0037,0.0063
27,tr|A0A014ME04|A0A014ME04_9ACTN,Cytoplasmic,0.0000,0.0046,0.9770,0.0020,0.0090,0.0075
28,tr|A0A014MEZ2|A0A014MEZ2_9ACTN,Cytoplasmic,0.0000,0.1620,0.8290,0.0051,0.0028,0.0010
29,tr|A0A014Q9J3|A0A014Q9J3_9BURK,Cytoplasmic,0.0000,0.0047,0.9882,0.0004,0.0020,0.0047
30,tr|A0A016XD06|A0A016XD06_9BURK,Cytoplasmic,0.0000,0.0086,0.9895,0.0002,0.0004,0.0013
31,tr|A0A016XKK4|A0A016XKK4_9BURK,Cytoplasmic,0.0000,0.1473,0.8120,0.0304,0.0014,0.0089
32,tr|A0A017HPD5|A0A017HPD5_9RHOB,Cytoplasmic,0.0000,0.1027,0.8739,0.0206,0.0018,0.0009
33,tr|A0A017RWW7|A0A017RWW7_9CLOT,Cytoplasmic,0.0000,0.0008,0.9519,0.0013,0.0457,0.0002
34,tr|A0A017T4D9|A0A017T4D9_9BACT,Cytoplasmic,0.0000,0.0388,0.9456,0.0112,0.0015,0.0028
35,tr|A0A021VSG6|A0A021VSG6_9CELL,Cytoplasmic,0.0000,0.0095,0.9864,0.0017,0.0020,0.0003
36,tr|A0A021X158|A0A021X158_9HYPH,Cytoplasmic,0.0000,0.0187,0.9796,0.0005,0.0011,0.0001
37,tr|A0A021X2N5|A0A021X2N5_9HYPH,Cytoplasmic,0.0000,0.0025,0.9960,0.0001,0.0003,0.0010
38,tr|A0A022FWJ5|A0A022FWJ5_9BURK,Cytoplasmic,0.0000,0.0395,0.9585,0.0003,0.0007,0.0011
39,tr|A0A022G2K5|A0A022G2K5_9BURK,Cytoplasmic,0.0000,0.0820,0.9051,0.0099,0.0003,0.0028
40,tr|A0A022GKV3|A0A022GKV3_9BURK,Cytoplasmic,0.0000,0.0131,0.9761,0.0078,0.0014,0.0016
41,tr|A0A022J069|A0A022J069_9GAMM,Cytoplasmic,0.0001,0.0031,0.9907,0.0049,0.0010,0.0002
42,tr|A0A022J4K3|A0A022J4K3_9GAMM,Cytoplasmic,0.0000,0.0018,0.9944,0.0009,0.0025,0.0004
43,tr|A0A022MDJ3|A0A022MDJ3_9ACTN,Cytoplasmic,0.0000,0.0232,0.9761,0.0003,0.0002,0.0002
44,tr|A0A022MDU0|A0A022MDU0_9ACTN,Cytoplasmic,0.0000,0.0046,0.9945,0.0001,0.0006,0.0002
45,tr|A0A022MH87|A0A022MH87_9ACTN,Cytoplasmic,0.0006,0.1638,0.8008,0.0298,0.0042,0.0008
46,tr|A0A022PFT7|A0A022PFT7_9GAMM,Cytoplasmic,0.0000,0.0106,0.9850,0.0004,0.0006,0.0034
47,tr|A0A023BSF7|A0A023BSF7_9FLAO,Cytoplasmic,0.0001,0.0104,0.9555,0.0034,0.0297,0.0008
48,tr|A0A023CVN5|A0A023CVN5_9LACO,Cytoplasmic,0.0002,0.0425,0.8269,0.0168,0.1134,0.0002
49,tr|A0A023D1X9|A0A023D1X9_ACIMT,Cytoplasmic,0.0000,0.0066,0.9754,0.0088,0.0069,0.0023
50,tr|A0A023DEV7|A0A023DEV7_9BACL,Cytoplasmic,0.0001,0.0065,0.9825,0.0011,0.0090,0.0008
51,tr|A0A023X4L8|A0A023X4L8_RUBRA,Cytoplasmic,0.0000,0.0024,0.9807,0.0017,0.0143,0.0009
52,tr|A0A024E5B7|A0A024E5B7_9PSED,Cytoplasmic,0.0000,0.0067,0.9787,0.0011,0.0125,0.0009
53,tr|A0A024H5T4|A0A024H5T4_9MICC,Cytoplasmic,0.0000,0.0237,0.9626,0.0055,0.0037,0.0045
54,tr|A0A024HH19|A0A024HH19_PSEKB,Cytoplasmic,0.0000,0.0409,0.9252,0.0009,0.0011,0.0319
55,tr|A0A024HIJ7|A0A024HIJ7_PSEKB,Cytoplasmic,0.0000,0.0093,0.9882,0.0008,0.0001,0.0016
56,tr|A0A024HN66|A0A024HN66_PSEKB,Cytoplasmic,0.0000,0.0040,0.9922,0.0023,0.0008,0.0006
57,tr|A0A024L7E2|A0A024L7E2_ECOLX,Cytoplasmic,0.0000,0.0213,0.9743,0.0005,0.0006,0.0033
58,tr|A0A024QEY5|A0A024QEY5_9BACI,Cytoplasmic,0.0000,0.0062,0.9783,0.0138,0.0014,0.0002
59,tr|A0A031FVN4|A0A031FVN4_9MICO,Cytoplasmic,0.0002,0.0799,0.7689,0.1334,0.0167,0.0010
60,tr|A0A031G0T6|A0A031G0T6_9PSED,Cytoplasmic,0.0000,0.0052,0.9922,0.0004,0.0013,0.0009
61,tr|A0A031G830|A0A031G830_9PSED,Cytoplasmic,0.0000,0.0057,0.9902,0.0005,0.0011,0.0024
62,tr|A0A031IC33|A0A031IC33_9BACL,Cytoplasmic,0.0000,0.0042,0.9900,0.0023,0.0027,0.0008
63,tr|A0A031IP61|A0A031IP61_9PSED,Cytoplasmic,0.0000,0.0042,0.9922,0.0003,0.0003,0.0030
64,tr|A0A031IUD7|A0A031IUD7_9PSED,Cytoplasmic,0.0000,0.0035,0.9923,0.0009,0.0003,0.0031
65,tr|A0A031J2X1|A0A031J2X1_9PSED,Cytoplasmic,0.0000,0.0135,0.9830,0.0015,0.0003,0.0016
66,tr|A0A031LYC4|A0A031LYC4_9GAMM,Cytoplasmic,0.0000,0.0040,0.9942,0.0003,0.0006,0.0009
67,tr|A0A037ZGW4|A0A037ZGW4_9RHOB,Cytoplasmic,0.0000,0.0038,0.9954,0.0001,0.0000,0.0007
68,tr|A0A051TS54|A0A051TS54_9MYCO,Cytoplasmic,0.0000,0.0334,0.9561,0.0069,0.0024,0.0011
69,tr|A0A051TYU7|A0A051TYU7_9MYCO,Cytoplasmic,0.0001,0.0952,0.8923,0.0061,0.0041,0.0021
70,tr|A0A058ZK49|A0A058ZK49_9RHOB,Cytoplasmic,0.0000,0.0028,0.9961,0.0002,0.0005,0.0004
71,tr|A0A059DL83|A0A059DL83_9PROT,Cytoplasmic,0.0000,0.0024,0.9464,0.0440,0.0057,0.0015
72,tr|A0A059F9W8|A0A059F9W8_9PROT,Cytoplasmic,0.0000,0.0051,0.9377,0.0497,0.0054,0.0021
73,tr|A0A059KNG9|A0A059KNG9_9BURK,Cytoplasmic,0.0000,0.0943,0.8946,0.0093,0.0013,0.0005
74,tr|A0A059KRX4|A0A059KRX4_9BURK,Cytoplasmic,0.0000,0.1720,0.8066,0.0199,0.0010,0.0005
75,tr|A0A059L839|A0A059L839_9PSED,Cytoplasmic,0.0000,0.0061,0.9859,0.0009,0.0057,0.0014
76,tr|A0A059L9G3|A0A059L9G3_9PSED,Cytoplasmic,0.0000,0.0033,0.9944,0.0005,0.0010,0.0009
77,tr|A0A059VUS5|A0A059VUS5_STRNR,Cytoplasmic,0.0000,0.0219,0.9774,0.0002,0.0004,0.0002
78,tr|A0A059WQ78|A0A059WQ78_9BACT,Cytoplasmic,0.0000,0.0053,0.9826,0.0033,0.0083,0.0004
79,tr|A0A059ZJX3|A0A059ZJX3_ACIBA,Cytoplasmic,0.0000,0.0021,0.9953,0.0006,0.0018,0.0002
80,tr|A0A060I0A4|A0A060I0A4_RHIET,Cytoplasmic,0.0000,0.0057,0.9923,0.0008,0.0006,0.0006
81,tr|A0A060I4W5|A0A060I4W5_RHIET,Cytoplasmic,0.0000,0.0181,0.9756,0.0035,0.0016,0.0011
82,tr|A0A060QHN3|A0A060QHN3_9PROT,Cytoplasmic,0.0000,0.0056,0.9737,0.0031,0.0024,0.0153
83,tr|A0A060ZDC6|A0A060ZDC6_9ACTN,Cytoplasmic,0.0000,0.0038,0.9764,0.0024,0.0103,0.0071
84,tr|A0A060ZNL3|A0A060ZNL3_9ACTN,Cytoplasmic,0.0000,0.0041,0.9001,0.0922,0.0024,0.0012
85,tr|A0A060ZPW1|A0A060ZPW1_9ACTN,Cytoplasmic,0.0000,0.0173,0.9462,0.0310,0.0038,0.0016
86,tr|A0A060ZWJ1|A0A060ZWJ1_9ACTN,Cytoplasmic,0.0000,0.0025,0.9968,0.0001,0.0004,0.0002
87,tr|A0A061A285|A0A061A285_9ACTN,Cytoplasmic,0.0000,0.1796,0.8134,0.0039,0.0023,0.0008
88,tr|A0A061JS76|A0A061JS76_STUST,Cytoplasmic,0.0001,0.0190,0.9624,0.0159,0.0024,0.0002
89,tr|A0A061JVI9|A0A061JVI9_STUST,Cytoplasmic,0.0000,0.0235,0.9531,0.0025,0.0016,0.0193
90,tr|A0A061NEY0|A0A061NEY0_9BACL,Cytoplasmic,0.0000,0.0069,0.9865,0.0038,0.0022,0.0006
91,tr|A0A061NGY1|A0A061NGY1_9BACL,Cytoplasmic,0.0000,0.0048,0.9892,0.0040,0.0015,0.0004
92,tr|A0A061NMW9|A0A061NMW9_9BACL,Cytoplasmic,0.0000,0.0222,0.9708,0.0030,0.0028,0.0011
93,tr|A0A061NZC9|A0A061NZC9_9BACL,Cytoplasmic,0.0000,0.0071,0.9863,0.0018,0.0042,0.0006
94,tr|A0A061P830|A0A061P830_9BACL,Cytoplasmic,0.0000,0.0036,0.9898,0.0050,0.0012,0.0003
95,tr|A0A061PCL1|A0A061PCL1_9BACL,Cytoplasmic,0.0000,0.0128,0.9821,0.0021,0.0020,0.0009
96,tr|A0A061ST83|A0A061ST83_9RHOB,Cytoplasmic,0.0000,0.0002,0.9986,0.0001,0.0004,0.0006
97,tr|A0A061SWM6|A0A061SWM6_9RHOB,Cytoplasmic,0.0000,0.0006,0.9991,0.0000,0.0000,0.0002
98,tr|A0A062GLE5|A0A062GLE5_9GAMM,Cytoplasmic,0.0000,0.0016,0.9950,0.0007,0.0022,0.0004
99,tr|A0A062GSM9|A0A062GSM9_9GAMM,Cytoplasmic,0.0001,0.0019,0.9935,0.0033,0.0009,0.0002
100,tr|A0A062IJ32|A0A062IJ32_ACIBA,Cytoplasmic,0.0000,0.0022,0.9941,0.0009,0.0026,0.0002
101,tr|A0A062IMT2|A0A062IMT2_ACIBA,Cytoplasmic,0.0001,0.0028,0.9894,0.0060,0.0015,0.0002
102,tr|A0A062UJE8|A0A062UJE8_9PROT,Cytoplasmic,0.0000,0.0158,0.8344,0.1327,0.0128,0.0042
103,tr|A0A063Y4P0|A0A063Y4P0_9GAMM,Cytoplasmic,0.0000,0.0011,0.9955,0.0028,0.0003,0.0003
104,tr|A0A063YQR4|A0A063YQR4_9BACL,Cytoplasmic,0.0000,0.0068,0.9874,0.0018,0.0028,0.0012
105,tr|A0A066RJX4|A0A066RJX4_9GAMM,Cytoplasmic,0.0000,0.0005,0.9988,0.0001,0.0001,0.0006
106,tr|A0A066RSX5|A0A066RSX5_9GAMM,Cytoplasmic,0.0000,0.0047,0.9868,0.0046,0.0035,0.0004
107,tr|A0A066TBT4|A0A066TBT4_9GAMM,Cytoplasmic,0.0004,0.0189,0.9098,0.0132,0.0575,0.0001
108,tr|A0A066UCN7|A0A066UCN7_9GAMM,Cytoplasmic,0.0000,0.0053,0.9920,0.0003,0.0018,0.0006
109,tr|A0A066UQ93|A0A066UQ93_9VIBR,Cytoplasmic,0.0000,0.0089,0.9667,0.0122,0.0068,0.0054
110,tr|A0A066UZ63|A0A066UZ63_9VIBR,Cytoplasmic,0.0000,0.0018,0.9964,0.0006,0.0008,0.0003
111,tr|A0A066YH34|A0A066YH34_9ACTN,Cytoplasmic,0.0000,0.1444,0.8521,0.0020,0.0013,0.0002
112,tr|A0A066Z6Z2|A0A066Z6Z2_9ACTN,Cytoplasmic,0.0000,0.0334,0.9656,0.0003,0.0004,0.0002
113,tr|A0A066Z8Y8|A0A066Z8Y8_9ACTN,Cytoplasmic,0.0000,0.0005,0.9991,0.0000,0.0002,0.0001
114,tr|A0A066ZQM3|A0A066ZQM3_HYDMR,Cytoplasmic,0.0000,0.0047,0.9878,0.0031,0.0012,0.0033
115,tr|A0A067BH39|A0A067BH39_VIBMT,Cytoplasmic,0.0000,0.0032,0.9950,0.0005,0.0007,0.0005
116,tr|A0A067Z2L5|A0A067Z2L5_GLUOY,Cytoplasmic,0.0000,0.0045,0.9887,0.0030,0.0033,0.0006
117,tr|A0A068NNG0|A0A068NNG0_FIMGI,Cytoplasmic,0.0000,0.0110,0.9878,0.0001,0.0005,0.0006
118,tr|A0A068QSF8|A0A068QSF8_9GAMM,Cytoplasmic,0.0000,0.0068,0.9840,0.0013,0.0021,0.0058
119,tr|A0A068SMN0|A0A068SMN0_NEOGA,Cytoplasmic,0.0000,0.0081,0.9815,0.0007,0.0079,0.0018
120,tr|A0A068SP51|A0A068SP51_NEOGA,Cytoplasmic,0.0003,0.0321,0.9267,0.0072,0.0176,0.0160
121,tr|A0A068T3X3|A0A068T3X3_NEOGA,Cytoplasmic,0.0000,0.0094,0.9825,0.0006,0.0057,0.0018
122,tr|A0A068THI9|A0A068THI9_NEOGA,Cytoplasmic,0.0000,0.0032,0.9929,0.0002,0.0029,0.0008
123,tr|A0A068YMW5|A0A068YMW5_9BURK,Cytoplasmic,0.0000,0.0822,0.8810,0.0024,0.0007,0.0337
124,tr|A0A069AWA8|A0A069AWA8_CLODI,Cytoplasmic,0.0000,0.0037,0.9240,0.0013,0.0709,0.0001
125,tr|A0A069D1H6|A0A069D1H6_WEIOS,Cytoplasmic,0.0000,0.0196,0.9678,0.0040,0.0063,0.0022
126,tr|A0A069E5H1|A0A069E5H1_9PROT,Cytoplasmic,0.0000,0.0030,0.9449,0.0427,0.0061,0.0033
127,tr|A0A069I1K8|A0A069I1K8_9BURK,Cytoplasmic,0.0000,0.0066,0.9840,0.0033,0.0041,0.0020
128,tr|A0A069I592|A0A069I592_9BURK,Cytoplasmic,0.0000,0.0127,0.9803,0.0030,0.0011,0.0029
129,tr|A0A069I817|A0A069I817_9BURK,Cytoplasmic,0.0000,0.0259,0.9613,0.0024,0.0006,0.0099
130,tr|A0A069IG28|A0A069IG28_9BURK,Cytoplasmic,0.0000,0.0077,0.9858,0.0010,0.0038,0.0017
131,tr|A0A069IKR9|A0A069IKR9_9BURK,Cytoplasmic,0.0000,0.0226,0.9753,0.0005,0.0011,0.0005
132,tr|A0A069INU2|A0A069INU2_9CAUL,Cytoplasmic,0.0000,0.0033,0.9946,0.0004,0.0007,0.0010
133,tr|A0A069P8Q9|A0A069P8Q9_9BURK,Cytoplasmic,0.0000,0.0066,0.9905,0.0007,0.0017,0.0006
134,tr|A0A069PEA1|A0A069PEA1_9BURK,Cytoplasmic,0.0000,0.0080,0.9703,0.0025,0.0178,0.0013
135,tr|A0A069PJD5|A0A069PJD5_9BURK,Cytoplasmic,0.0000,0.0150,0.9722,0.0017,0.0080,0.0032
136,tr|A0A069PPJ4|A0A069PPJ4_9BURK,Cytoplasmic,0.0001,0.1370,0.8499,0.0097,0.0015,0.0019
137,tr|A0A069Q2Z8|A0A069Q2Z8_PSEAI,Cytoplasmic,0.0000,0.0022,0.9964,0.0001,0.0004,0.0009
138,tr|A0A069RFV0|A0A069RFV0_PEPLI,Cytoplasmic,0.0000,0.0019,0.9806,0.0010,0.0162,0.0004
139,tr|A0A071LSG8|A0A071LSG8_9ENTR,Cytoplasmic,0.0002,0.0405,0.6535,0.1040,0.1422,0.0596
140,tr|A0A071M4Q4|A0A071M4Q4_9BURK,Cytoplasmic,0.0000,0.0143,0.9747,0.0090,0.0010,0.0009
141,tr|A0A071MC55|A0A071MC55_9BURK,Cytoplasmic,0.0000,0.0350,0.9560,0.0073,0.0012,0.0004
142,tr|A0A071MCE1|A0A071MCE1_9BURK,Extracellular,0.0001,0.4771,0.4686,0.0489,0.0044,0.0009
143,tr|A0A071MEQ0|A0A071MEQ0_9BURK,Cytoplasmic,0.0001,0.0268,0.9454,0.0024,0.0209,0.0045
144,tr|A0A071MF79|A0A071MF79_9BURK,Cytoplasmic,0.0001,0.1658,0.8242,0.0059,0.0022,0.0018
145,tr|A0A071MKL8|A0A071MKL8_9BURK,Cytoplasmic,0.0000,0.0193,0.9729,0.0015,0.0029,0.0034
146,tr|A0A071MRR9|A0A071MRR9_9BURK,Cytoplasmic,0.0000,0.0048,0.9689,0.0231,0.0019,0.0013
147,tr|A0A072H8A2|A0A072H8A2_VIBPH,Cytoplasmic,0.0000,0.0018,0.9893,0.0062,0.0020,0.0006
148,tr|A0A072N637|A0A072N637_9GAMM,Cytoplasmic,0.0000,0.0187,0.9500,0.0080,0.0069,0.0163
149,tr|A0A072NJ63|A0A072NJ63_SCHAZ,Cytoplasmic,0.0000,0.0066,0.9585,0.0144,0.0192,0.0012
150,tr|A0A073J262|A0A073J262_9RHOB,Cytoplasmic,0.0000,0.0010,0.9949,0.0032,0.0005,0.0005
151,tr|A0A073K075|A0A073K075_LIMRT,Cytoplasmic,0.0003,0.2749,0.6915,0.0131,0.0197,0.0004
152,tr|A0A073KEC1|A0A073KEC1_9BACI,Cytoplasmic,0.0000,0.0031,0.9859,0.0096,0.0013,0.0001
153,tr|A0A074J685|A0A074J685_9RHOB,Cytoplasmic,0.0000,0.0006,0.9989,0.0001,0.0001,0.0003
154,tr|A0A074MGL1|A0A074MGL1_9BACL,Cytoplasmic,0.0000,0.0011,0.9934,0.0040,0.0015,0.0001
155,tr|A0A074TNJ2|A0A074TNJ2_9RHOB,Cytoplasmic,0.0000,0.0010,0.9982,0.0000,0.0001,0.0007
156,tr|A0A075JXQ3|A0A075JXQ3_9GAMM,Cytoplasmic,0.0000,0.0197,0.9756,0.0012,0.0026,0.0008
157,tr|A0A075K5M0|A0A075K5M0_9GAMM,Cytoplasmic,0.0007,0.0311,0.9023,0.0191,0.0314,0.0154
158,tr|A0A075KFN6|A0A075KFN6_9FIRM,Cytoplasmic,0.0000,0.0124,0.9775,0.0010,0.0082,0.0009
159,tr|A0A075KIS5|A0A075KIS5_9FIRM,Cytoplasmic,0.0003,0.0051,0.9225,0.0389,0.0329,0.0002
160,tr|A0A075R7Q8|A0A075R7Q8_BRELA,Cytoplasmic,0.0000,0.0116,0.9689,0.0118,0.0070,0.0007
161,tr|A0A075USL7|A0A075USL7_9PSEU,Cytoplasmic,0.0002,0.0854,0.8577,0.0524,0.0039,0.0004
162,tr|A0A075UY45|A0A075UY45_9PSEU,Cytoplasmic,0.0004,0.1404,0.8502,0.0070,0.0019,0.0001
163,tr|A0A075V4D6|A0A075V4D6_9PSEU,Cytoplasmic,0.0001,0.0295,0.9415,0.0101,0.0169,0.0019
164,tr|A0A076ELB9|A0A076ELB9_RHOOP,Cytoplasmic,0.0000,0.1107,0.8830,0.0048,0.0008,0.0006
165,tr|A0A076HQJ4|A0A076HQJ4_9SYNE,Cytoplasmic,0.0001,0.1511,0.7929,0.0042,0.0210,0.0307
166,tr|A0A076JKV6|A0A076JKV6_BIFAD,Cytoplasmic,0.0000,0.1279,0.8444,0.0119,0.0098,0.0059
167,tr|A0A076LW02|A0A076LW02_9GAMM,Cytoplasmic,0.0000,0.0451,0.9509,0.0011,0.0002,0.0027
168,tr|A0A076MVL2|A0A076MVL2_AMYME,Cytoplasmic,0.0000,0.0121,0.9814,0.0017,0.0047,0.0002
169,tr|A0A076N3T8|A0A076N3T8_AMYME,Cytoplasmic,0.0005,0.2160,0.7612,0.0133,0.0083,0.0006
170,tr|A0A076PN06|A0A076PN06_COMTE,Cytoplasmic,0.0000,0.0136,0.9772,0.0030,0.0012,0.0050
171,tr|A0A076PQD3|A0A076PQD3_COMTE,Cytoplasmic,0.0000,0.0071,0.9616,0.0192,0.0072,0.0049
172,tr|A0A076PSQ0|A0A076PSQ0_COMTE,Cytoplasmic,0.0000,0.0122,0.9851,0.0007,0.0006,0.0013
173,tr|A0A076VYK9|A0A076VYK9_BACMY,Cytoplasmic,0.0000,0.0052,0.9604,0.0238,0.0099,0.0006
174,tr|A0A077DHE1|A0A077DHE1_9BURK,Cytoplasmic,0.0001,0.0187,0.9173,0.0425,0.0146,0.0068
175,tr|A0A077EDM2|A0A077EDM2_9FLAO,Cytoplasmic,0.0001,0.0063,0.9859,0.0022,0.0048,0.0008
176,tr|A0A077F8T2|A0A077F8T2_9PSED,Cytoplasmic,0.0002,0.0451,0.9105,0.0329,0.0097,0.0017
177,tr|A0A077FGF4|A0A077FGF4_9PSED,Cytoplasmic,0.0000,0.0312,0.9649,0.0003,0.0005,0.0031
178,tr|A0A077GKT8|A0A077GKT8_ACIBA,Cytoplasmic,0.0001,0.0027,0.9900,0.0055,0.0015,0.0002
179,tr|A0A077KBC8|A0A077KBC8_9BACT,Cytoplasmic,0.0000,0.0168,0.9696,0.0056,0.0041,0.0037
180,tr|A0A077KPE7|A0A077KPE7_9FLAO,Cytoplasmic,0.0000,0.0010,0.9940,0.0011,0.0036,0.0004
181,tr|A0A077KT00|A0A077KT00_9BURK,Cytoplasmic,0.0000,0.0577,0.9365,0.0049,0.0006,0.0002
182,tr|A0A077L5L7|A0A077L5L7_ACIGI,Cytoplasmic,0.0002,0.0437,0.9098,0.0296,0.0157,0.0010
183,tr|A0A077LD90|A0A077LD90_9PSED,Cytoplasmic,0.0000,0.0376,0.9591,0.0018,0.0003,0.0012
184,tr|A0A077LHQ5|A0A077LHQ5_9PSED,Cytoplasmic,0.0000,0.0595,0.9023,0.0024,0.0015,0.0342
185,tr|A0A077NB28|A0A077NB28_XENBV,Cytoplasmic,0.0000,0.0044,0.9903,0.0009,0.0006,0.0039
186,tr|A0A077NR73|A0A077NR73_XENBV,Cytoplasmic,0.0000,0.0061,0.9900,0.0006,0.0004,0.0029
187,tr|A0A077P0R5|A0A077P0R5_XENBV,Cytoplasmic,0.0000,0.0100,0.9840,0.0012,0.0005,0.0042
188,tr|A0A077PAL8|A0A077PAL8_XENBV,Cytoplasmic,0.0000,0.0065,0.9887,0.0006,0.0005,0.0037
189,tr|A0A077PSF8|A0A077PSF8_XENBV,Cytoplasmic,0.0000,0.0057,0.9892,0.0008,0.0004,0.0038
190,tr|A0A077QGE1|A0A077QGE1_XENBV,Cytoplasmic,0.0000,0.0065,0.9887,0.0006,0.0005,0.0037
191,tr|A0A077SZF0|A0A077SZF0_PSEAI,Cytoplasmic,0.0000,0.0016,0.9970,0.0001,0.0005,0.0009
192,tr|A0A078KTQ4|A0A078KTQ4_9FIRM,Cytoplasmic,0.0002,0.0405,0.6441,0.0032,0.3112,0.0008
193,tr|A0A080N4Q2|A0A080N4Q2_9BIFI,Cytoplasmic,0.0001,0.0815,0.8998,0.0144,0.0039,0.0003
194,tr|A0A080NGL1|A0A080NGL1_DELAC,Cytoplasmic,0.0000,0.0094,0.9814,0.0016,0.0055,0.0022
195,tr|A0A080NLG9|A0A080NLG9_DELAC,Cytoplasmic,0.0000,0.0178,0.9784,0.0005,0.0004,0.0030
196,tr|A0A081CUU3|A0A081CUU3_9HYPH,Cytoplasmic,0.0001,0.0113,0.9186,0.0266,0.0319,0.0115
197,tr|A0A081D1N2|A0A081D1N2_9HYPH,Cytoplasmic,0.0000,0.0031,0.9850,0.0016,0.0096,0.0007
198,tr|A0A081FYN6|A0A081FYN6_9GAMM,Cytoplasmic,0.0000,0.0118,0.9777,0.0026,0.0046,0.0033
199,tr|A0A081HWL2|A0A081HWL2_9MYCO,Cytoplasmic,0.0000,0.0425,0.9423,0.0056,0.0027,0.0068
200,tr|A0A081HXN1|A0A081HXN1_9MYCO,Cytoplasmic,0.0004,0.0093,0.9749,0.0066,0.0068,0.0018
201,tr|A0A081KDG8|A0A081KDG8_9GAMM,Cytoplasmic,0.0000,0.0137,0.9804,0.0003,0.0054,0.0002
202,tr|A0A081MZK8|A0A081MZK8_9GAMM,Cytoplasmic,0.0000,0.0263,0.9688,0.0020,0.0005,0.0025
203,tr|A0A081NB63|A0A081NB63_9GAMM,Cytoplasmic,0.0000,0.0110,0.9744,0.0118,0.0027,0.0002
204,tr|A0A081NEW2|A0A081NEW2_9GAMM,Cytoplasmic,0.0000,0.0092,0.9877,0.0008,0.0018,0.0004
205,tr|A0A081P2E0|A0A081P2E0_9BACL,Cytoplasmic,0.0000,0.0034,0.9910,0.0032,0.0022,0.0002
206,tr|A0A081RV44|A0A081RV44_PHOTE,Cytoplasmic,0.0000,0.0105,0.9816,0.0003,0.0005,0.0072
207,tr|A0A081SGQ0|A0A081SGQ0_9BACT,Cytoplasmic,0.0001,0.0170,0.9516,0.0197,0.0098,0.0017
208,tr|A0A081XUX3|A0A081XUX3_STRTO,Cytoplasmic,0.0001,0.0220,0.9771,0.0004,0.0004,0.0000
209,tr|A0A084D4X8|A0A084D4X8_9BURK,Cytoplasmic,0.0001,0.1520,0.8392,0.0054,0.0017,0.0015
210,tr|A0A084DBL9|A0A084DBL9_9BURK,Cytoplasmic,0.0000,0.0251,0.9664,0.0015,0.0045,0.0025
211,tr|A0A084DD48|A0A084DD48_9BURK,Cytoplasmic,0.0000,0.0579,0.9314,0.0089,0.0016,0.0002
212,tr|A0A084DK26|A0A084DK26_9BURK,Cytoplasmic,0.0000,0.0035,0.9887,0.0031,0.0028,0.0020
213,tr|A0A084DLT3|A0A084DLT3_9BURK,Cytoplasmic,0.0000,0.0374,0.9618,0.0003,0.0002,0.0004
214,tr|A0A084DMU8|A0A084DMU8_9BURK,Cytoplasmic,0.0001,0.3419,0.6308,0.0226,0.0028,0.0018
215,tr|A0A084DPD1|A0A084DPD1_9BURK,Cytoplasmic,0.0000,0.0109,0.9791,0.0080,0.0009,0.0010
216,tr|A0A084EMY3|A0A084EMY3_MYCCA,Cytoplasmic,0.0001,0.0023,0.8724,0.0116,0.1135,0.0003
217,tr|A0A084IHJ1|A0A084IHJ1_SALHC,Cytoplasmic,0.0000,0.0093,0.9722,0.0148,0.0015,0.0022
218,tr|A0A084JL76|A0A084JL76_9FIRM,Cytoplasmic,0.0002,0.0270,0.9370,0.0051,0.0298,0.0010
219,tr|A0A084T9H9|A0A084T9H9_9VIBR,Cytoplasmic,0.0000,0.0009,0.9947,0.0019,0.0024,0.0002
220,tr|A0A084TH28|A0A084TH28_9VIBR,Cytoplasmic,0.0000,0.0058,0.9900,0.0006,0.0034,0.0002
221,tr|A0A085AB74|A0A085AB74_9ENTR,Cytoplasmic,0.0000,0.0138,0.9760,0.0007,0.0007,0.0088
222,tr|A0A085F161|A0A085F161_9HYPH,Cytoplasmic,0.0000,0.0265,0.9639,0.0027,0.0056,0.0013
223,tr|A0A085FGM0|A0A085FGM0_9HYPH,Cytoplasmic,0.0000,0.0240,0.9542,0.0109,0.0094,0.0014
224,tr|A0A085FUD9|A0A085FUD9_9HYPH,Cytoplasmic,0.0000,0.0011,0.9981,0.0001,0.0002,0.0005
225,tr|A0A085G6N3|A0A085G6N3_EWIA3,Cytoplasmic,0.0001,0.0714,0.8230,0.0929,0.0077,0.0049
226,tr|A0A085GC05|A0A085GC05_9ENTR,Cytoplasmic,0.0003,0.0473,0.5857,0.0689,0.2861,0.0117
227,tr|A0A085GHM1|A0A085GHM1_EWIA3,Cytoplasmic,0.0001,0.0266,0.9642,0.0020,0.0059,0.0012
228,tr|A0A085GHS6|A0A085GHS6_EWIA3,Cytoplasmic,0.0000,0.0101,0.9775,0.0040,0.0019,0.0066
229,tr|A0A085JKG8|A0A085JKG8_9GAMM,Cytoplasmic,0.0000,0.0047,0.9768,0.0110,0.0057,0.0017
230,tr|A0A085LG21|A0A085LG21_9MICO,Cytoplasmic,0.0000,0.1512,0.8303,0.0119,0.0062,0.0004
231,tr|A0A085RG86|A0A085RG86_VIBCL,Cytoplasmic,0.0000,0.0053,0.9931,0.0004,0.0007,0.0005
232,tr|A0A085UVG4|A0A085UVG4_PSESX,Cytoplasmic,0.0000,0.0175,0.9666,0.0056,0.0077,0.0026
233,tr|A0A085W662|A0A085W662_9BACT,Cytoplasmic,0.0001,0.1859,0.7715,0.0393,0.0013,0.0019
234,tr|A0A085ZEB1|A0A085ZEB1_9FLAO,Cytoplasmic,0.0001,0.0238,0.5082,0.0112,0.4563,0.0004
235,tr|A0A085ZKQ5|A0A085ZKQ5_9FLAO,Cytoplasmic,0.0004,0.0155,0.6541,0.0311,0.2965,0.0024
236,tr|A0A085ZZV4|A0A085ZZV4_FLAHY,Cytoplasmic,0.0003,0.0162,0.9086,0.0427,0.0310,0.0012
237,tr|A0A086A7R0|A0A086A7R0_9FLAO,Cytoplasmic,0.0000,0.0105,0.9763,0.0032,0.0088,0.0010
238,tr|A0A086AI78|A0A086AI78_FLAHY,Cytoplasmic,0.0001,0.0191,0.9548,0.0059,0.0200,0.0001
239,tr|A0A086B1T7|A0A086B1T7_9FLAO,Cytoplasmic,0.0000,0.0033,0.9880,0.0018,0.0060,0.0009
240,tr|A0A086BLE8|A0A086BLE8_9FLAO,Cytoplasmic,0.0002,0.0212,0.9155,0.0316,0.0229,0.0086
241,tr|A0A086BLE9|A0A086BLE9_9FLAO,Cytoplasmic,0.0000,0.0037,0.9874,0.0039,0.0034,0.0016
242,tr|A0A086BLJ3|A0A086BLJ3_9FLAO,Cytoplasmic,0.0000,0.0041,0.9910,0.0007,0.0041,0.0001
243,tr|A0A086D195|A0A086D195_9GAMM,Cytoplasmic,0.0000,0.0218,0.9383,0.0072,0.0066,0.0262
244,tr|A0A086FNU9|A0A086FNU9_SERMA,Cytoplasmic,0.0000,0.0121,0.9798,0.0004,0.0007,0.0069
245,tr|A0A086MP78|A0A086MP78_9HYPH,Cytoplasmic,0.0000,0.0017,0.9975,0.0001,0.0003,0.0004
246,tr|A0A086MQ47|A0A086MQ47_9HYPH,Cytoplasmic,0.0001,0.0191,0.9671,0.0034,0.0085,0.0019
247,tr|A0A086N3Z2|A0A086N3Z2_9ACTN,Cytoplasmic,0.0000,0.0137,0.9857,0.0001,0.0002,0.0002
248,tr|A0A086N710|A0A086N710_9ACTN,Cytoplasmic,0.0000,0.2024,0.7935,0.0023,0.0012,0.0005
249,tr|A0A086XVS8|A0A086XVS8_9RHOB,Cytoplasmic,0.0000,0.0057,0.9801,0.0017,0.0034,0.0091
250,tr|A0A086Z1W8|A0A086Z1W8_9BIFI,Cytoplasmic,0.0000,0.1030,0.8843,0.0043,0.0026,0.0059
251,tr|A0A086ZF21|A0A086ZF21_9BIFI,Cytoplasmic,0.0000,0.0861,0.8928,0.0073,0.0073,0.0065
252,tr|A0A086ZLH3|A0A086ZLH3_9BIFI,Cytoplasmic,0.0000,0.0865,0.8923,0.0058,0.0075,0.0079
253,tr|A0A086ZLU8|A0A086ZLU8_9BIFI,Cytoplasmic,0.0001,0.1226,0.8478,0.0123,0.0105,0.0068
254,tr|A0A086ZQZ5|A0A086ZQZ5_9BIFI,Cytoplasmic,0.0000,0.0139,0.9699,0.0027,0.0122,0.0013
255,tr|A0A086ZTC4|A0A086ZTC4_9BIFI,Cytoplasmic,0.0001,0.0086,0.9521,0.0030,0.0318,0.0043
256,tr|A0A087A6T5|A0A087A6T5_9BIFI,Cytoplasmic,0.0000,0.1028,0.8793,0.0106,0.0033,0.0039
257,tr|A0A087AHD6|A0A087AHD6_9BIFI,Cytoplasmic,0.0000,0.0952,0.8860,0.0099,0.0029,0.0059
258,tr|A0A087AN00|A0A087AN00_9BIFI,Cytoplasmic,0.0000,0.0842,0.8992,0.0062,0.0043,0.0061
259,tr|A0A087AP32|A0A087AP32_9BIFI,Cytoplasmic,0.0000,0.1511,0.8282,0.0122,0.0037,0.0047
260,tr|A0A087BAW5|A0A087BAW5_9BIFI,Cytoplasmic,0.0002,0.1013,0.8827,0.0057,0.0094,0.0008
261,tr|A0A087BED7|A0A087BED7_9BIFI,Cytoplasmic,0.0000,0.1271,0.8537,0.0115,0.0046,0.0031
262,tr|A0A087BPI1|A0A087BPI1_BIFLN,Cytoplasmic,0.0000,0.1595,0.8249,0.0103,0.0032,0.0022
263,tr|A0A087BRD1|A0A087BRD1_9BIFI,Cytoplasmic,0.0000,0.1134,0.8760,0.0048,0.0041,0.0017
264,tr|A0A087C4Q1|A0A087C4Q1_9BIFI,Cytoplasmic,0.0000,0.2054,0.7877,0.0048,0.0013,0.0009
265,tr|A0A087CLV0|A0A087CLV0_9BIFI,Cytoplasmic,0.0001,0.1886,0.7748,0.0131,0.0127,0.0107
266,tr|A0A087CVX1|A0A087CVX1_BIFRU,Cytoplasmic,0.0001,0.0967,0.8624,0.0177,0.0137,0.0094
267,tr|A0A087CYB6|A0A087CYB6_9BIFI,Cytoplasmic,0.0000,0.1337,0.8440,0.0115,0.0061,0.0046
268,tr|A0A087CZE3|A0A087CZE3_9BIFI,Cytoplasmic,0.0000,0.1511,0.8282,0.0122,0.0037,0.0047
269,tr|A0A087DBD1|A0A087DBD1_9BIFI,Cytoplasmic,0.0000,0.1370,0.8424,0.0112,0.0061,0.0033
270,tr|A0A087DJ22|A0A087DJ22_9BIFI,Cytoplasmic,0.0001,0.1087,0.8522,0.0163,0.0160,0.0068
271,tr|A0A087DLE9|A0A087DLE9_BIFAD,Cytoplasmic,0.0000,0.1356,0.8381,0.0083,0.0125,0.0055
272,tr|A0A087DRC9|A0A087DRC9_9BIFI,Cytoplasmic,0.0001,0.0202,0.9411,0.0144,0.0178,0.0064
273,tr|A0A087E301|A0A087E301_9BIFI,Cytoplasmic,0.0000,0.1051,0.8834,0.0039,0.0043,0.0033
274,tr|A0A087E877|A0A087E877_9BIFI,Cytoplasmic,0.0000,0.1655,0.8214,0.0069,0.0039,0.0022
275,tr|A0A087ECW3|A0A087ECW3_9BIFI,Cytoplasmic,0.0000,0.1073,0.8731,0.0075,0.0078,0.0043
276,tr|A0A087KX53|A0A087KX53_9GAMM,Cytoplasmic,0.0000,0.0064,0.9911,0.0002,0.0003,0.0020
277,tr|A0A087N4C8|A0A087N4C8_9BACI,Cytoplasmic,0.0000,0.0126,0.9817,0.0035,0.0013,0.0010
278,tr|A0A087PR10|A0A087PR10_9PROT,Cytoplasmic,0.0000,0.0077,0.9858,0.0013,0.0031,0.0021
279,tr|A0A087VSX0|A0A087VSX0_9BIFI,Cytoplasmic,0.0000,0.0841,0.8906,0.0090,0.0092,0.0070
280,tr|A0A089HK53|A0A089HK53_PAEDU,Cytoplasmic,0.0000,0.0077,0.9852,0.0024,0.0044,0.0002
281,tr|A0A089HK82|A0A089HK82_PAEDU,Cytoplasmic,0.0000,0.0099,0.9727,0.0043,0.0111,0.0019
282,tr|A0A089I007|A0A089I007_9BACL,Cytoplasmic,0.0016,0.0455,0.8150,0.0971,0.0396,0.0012
283,tr|A0A089I3Q2|A0A089I3Q2_9BACL,Cytoplasmic,0.0000,0.0047,0.9872,0.0017,0.0060,0.0004
284,tr|A0A089I9G0|A0A089I9G0_9BACL,Cytoplasmic,0.0000,0.0043,0.9868,0.0019,0.0054,0.0017
285,tr|A0A089IBP5|A0A089IBP5_9BACL,Cytoplasmic,0.0000,0.0030,0.9943,0.0013,0.0012,0.0002
286,tr|A0A089PFU3|A0A089PFU3_9CYAN,Outer Membrane,0.0005,0.0217,0.3332,0.0032,0.6392,0.0023
287,tr|A0A089PRV5|A0A089PRV5_PLUGE,Cytoplasmic,0.0000,0.0148,0.9804,0.0003,0.0005,0.0040
288,tr|A0A089PTX1|A0A089PTX1_9ENTR,Cytoplasmic,0.0001,0.0633,0.9257,0.0062,0.0044,0.0003
289,tr|A0A089PXK9|A0A089PXK9_9ENTR,Cytoplasmic,0.0000,0.0199,0.9560,0.0043,0.0039,0.0159
290,tr|A0A089XA80|A0A089XA80_STRGA,Cytoplasmic,0.0000,0.0125,0.9864,0.0002,0.0003,0.0006
291,tr|A0A089YH66|A0A089YH66_9PSED,Cytoplasmic,0.0000,0.0691,0.8934,0.0042,0.0005,0.0328
292,tr|A0A089YR12|A0A089YR12_9PSED,Cytoplasmic,0.0000,0.0385,0.9576,0.0020,0.0016,0.0002
293,tr|A0A090DDV4|A0A090DDV4_MESPL,Cytoplasmic,0.0000,0.0006,0.9980,0.0001,0.0004,0.0009
294,tr|A0A090DHU3|A0A090DHU3_MESPL,Cytoplasmic,0.0000,0.0011,0.9969,0.0001,0.0006,0.0012
295,tr|A0A090DQL1|A0A090DQL1_MESPL,Cytoplasmic,0.0001,0.0073,0.9502,0.0038,0.0319,0.0067
296,tr|A0A090DR71|A0A090DR71_9HYPH,Cytoplasmic,0.0000,0.0082,0.9755,0.0024,0.0094,0.0044
297,tr|A0A090E378|A0A090E378_9HYPH,Cytoplasmic,0.0001,0.0042,0.9593,0.0027,0.0294,0.0044
298,tr|A0A090E459|A0A090E459_9BACT,Cytoplasmic,0.0004,0.1088,0.8006,0.0681,0.0198,0.0023
299,tr|A0A090EUQ7|A0A090EUQ7_9HYPH,Cytoplasmic,0.0000,0.0228,0.9582,0.0063,0.0120,0.0007
300,tr|A0A090F1R1|A0A090F1R1_MESPL,Cytoplasmic,0.0000,0.0228,0.9582,0.0063,0.0120,0.0007
301,tr|A0A090GAY1|A0A090GAY1_MESPL,Cytoplasmic,0.0000,0.0011,0.9964,0.0001,0.0006,0.0018
302,tr|A0A090GFG4|A0A090GFG4_MESPL,Cytoplasmic,0.0001,0.0073,0.9695,0.0034,0.0156,0.0042
303,tr|A0A090GJJ1|A0A090GJJ1_MESPL,Cytoplasmic,0.0000,0.0051,0.9800,0.0024,0.0099,0.0026
304,tr|A0A090GNW0|A0A090GNW0_9HYPH,Cytoplasmic,0.0000,0.0055,0.9829,0.0020,0.0073,0.0023
305,tr|A0A090KLU4|A0A090KLU4_9GAMM,Cytoplasmic,0.0000,0.0026,0.9962,0.0004,0.0006,0.0002
306,tr|A0A090MN27|A0A090MN27_AFIFE,Cytoplasmic,0.0006,0.0807,0.7742,0.0197,0.1116,0.0131
307,tr|A0A090QGS3|A0A090QGS3_9GAMM,Cytoplasmic,0.0000,0.0031,0.9030,0.0871,0.0038,0.0029
308,tr|A0A090QU53|A0A090QU53_9GAMM,Cytoplasmic,0.0000,0.0021,0.9960,0.0003,0.0001,0.0015
309,tr|A0A090RM16|A0A090RM16_9GAMM,Cytoplasmic,0.0000,0.0139,0.9737,0.0117,0.0006,0.0001
310,tr|A0A090RRQ5|A0A090RRQ5_9VIBR,Cytoplasmic,0.0000,0.0025,0.9953,0.0004,0.0016,0.0001
311,tr|A0A090S440|A0A090S440_9VIBR,Cytoplasmic,0.0000,0.0008,0.9955,0.0023,0.0012,0.0001
312,tr|A0A090S6T6|A0A090S6T6_9VIBR,Cytoplasmic,0.0000,0.0039,0.9938,0.0006,0.0015,0.0002
313,tr|A0A090T3Y5|A0A090T3Y5_9VIBR,Cytoplasmic,0.0000,0.0027,0.9949,0.0006,0.0017,0.0001
314,tr|A0A090TEP3|A0A090TEP3_9VIBR,Cytoplasmic,0.0000,0.0034,0.9942,0.0006,0.0016,0.0003
315,tr|A0A090Y5K6|A0A090Y5K6_PAEMA,Cytoplasmic,0.0000,0.0085,0.9827,0.0028,0.0047,0.0012
316,tr|A0A090YTU1|A0A090YTU1_9BACI,Cytoplasmic,0.0001,0.0085,0.9775,0.0120,0.0018,0.0001
317,tr|A0A094JGL9|A0A094JGL9_9GAMM,Cytoplasmic,0.0000,0.0081,0.9718,0.0096,0.0013,0.0092
318,tr|A0A094K1V0|A0A094K1V0_9GAMM,Cytoplasmic,0.0000,0.0108,0.9869,0.0008,0.0008,0.0006
319,tr|A0A095HDC3|A0A095HDC3_BURPE,Cytoplasmic,0.0000,0.0087,0.9853,0.0031,0.0016,0.0013
320,tr|A0A095T0D2|A0A095T0D2_9GAMM,Cytoplasmic,0.0000,0.0040,0.9713,0.0176,0.0051,0.0020
321,tr|A0A095W9S7|A0A095W9S7_BURGA,Cytoplasmic,0.0000,0.0041,0.9813,0.0104,0.0019,0.0023
322,tr|A0A095XAN5|A0A095XAN5_BURGA,Cytoplasmic,0.0000,0.0238,0.9633,0.0052,0.0051,0.0027
323,tr|A0A095XJP6|A0A095XJP6_9BURK,Cytoplasmic,0.0000,0.0077,0.9849,0.0009,0.0041,0.0023
324,tr|A0A095XLI0|A0A095XLI0_9BURK,Cytoplasmic,0.0003,0.0688,0.8915,0.0141,0.0217,0.0035
325,tr|A0A095YFQ5|A0A095YFQ5_BURGA,Cytoplasmic,0.0000,0.0134,0.9723,0.0015,0.0100,0.0028
326,tr|A0A096B5Q1|A0A096B5Q1_FLAPL,Cytoplasmic,0.0004,0.0356,0.7716,0.0117,0.1781,0.0026
327,tr|A0A096B5W9|A0A096B5W9_FLAPL,Cytoplasmic,0.0005,0.0221,0.8691,0.0367,0.0612,0.0103
328,tr|A0A096DKZ4|A0A096DKZ4_9BURK,Cytoplasmic,0.0000,0.0084,0.9886,0.0006,0.0007,0.0016
329,tr|A0A096FB20|A0A096FB20_9BURK,Cytoplasmic,0.0000,0.0052,0.9527,0.0219,0.0145,0.0057
330,tr|A0A096FN63|A0A096FN63_COMTE,Cytoplasmic,0.0003,0.0076,0.9338,0.0116,0.0340,0.0127
331,tr|A0A096HGH8|A0A096HGH8_COMTE,Cytoplasmic,0.0000,0.0062,0.9548,0.0220,0.0096,0.0074
332,tr|A0A096HN32|A0A096HN32_COMTE,Cytoplasmic,0.0000,0.0078,0.9898,0.0005,0.0005,0.0014
333,tr|A0A097APY1|A0A097APY1_THEKI,Cytoplasmic,0.0011,0.0249,0.8586,0.0074,0.1073,0.0007
334,tr|A0A097ERC1|A0A097ERC1_9GAMM,Cytoplasmic,0.0000,0.0007,0.9610,0.0018,0.0365,0.0000
335,tr|A0A097R5B7|A0A097R5B7_HAFAL,Cytoplasmic,0.0000,0.0037,0.9936,0.0002,0.0003,0.0021
336,tr|A0A098BVI1|A0A098BVI1_9NOCA,Cytoplasmic,0.0001,0.1544,0.8242,0.0196,0.0016,0.0002
337,tr|A0A098CCB6|A0A098CCB6_KLEPN,Cytoplasmic,0.0000,0.0062,0.9688,0.0104,0.0009,0.0136
338,tr|A0A098G0X2|A0A098G0X2_9GAMM,Cytoplasmic,0.0001,0.0046,0.8830,0.1003,0.0107,0.0013
339,tr|A0A098LH63|A0A098LH63_9BACT,Cytoplasmic,0.0001,0.0059,0.9222,0.0047,0.0666,0.0005
340,tr|A0A098TD75|A0A098TD75_9HYPH,Cytoplasmic,0.0000,0.0386,0.9489,0.0058,0.0066,0.0002
341,tr|A0A099JLB0|A0A099JLB0_9MICO,Cytoplasmic,0.0000,0.0494,0.9414,0.0044,0.0018,0.0030
342,tr|A0A099KS96|A0A099KS96_COLPS,Cytoplasmic,0.0000,0.0005,0.9981,0.0004,0.0009,0.0001
343,tr|A0A099KU14|A0A099KU14_COLPS,Cytoplasmic,0.0006,0.1764,0.6993,0.0017,0.1215,0.0005
344,tr|A0A099KVX8|A0A099KVX8_COLPS,Cytoplasmic,0.0000,0.0405,0.9133,0.0146,0.0284,0.0032
345,tr|A0A099L0P6|A0A099L0P6_COLPS,Cytoplasmic,0.0000,0.0008,0.9908,0.0016,0.0064,0.0003
346,tr|A0A099MCC9|A0A099MCC9_9VIBR,Cytoplasmic,0.0000,0.0044,0.9934,0.0005,0.0006,0.0010
347,tr|A0A099PF34|A0A099PF34_9GAMM,Cytoplasmic,0.0000,0.0031,0.9605,0.0085,0.0222,0.0057
348,tr|A0A099S0A4|A0A099S0A4_9FIRM,Cytoplasmic,0.0000,0.0007,0.9950,0.0019,0.0023,0.0001
349,tr|A0A099S7W3|A0A099S7W3_9CLOT,Cytoplasmic,0.0000,0.0041,0.9665,0.0030,0.0245,0.0019
350,tr|A0A099W017|A0A099W017_9LIST,Cytoplasmic,0.0001,0.0074,0.9665,0.0157,0.0102,0.0001
351,tr|A0A099WKT4|A0A099WKT4_9LIST,Cytoplasmic,0.0000,0.0026,0.9891,0.0025,0.0033,0.0026
352,tr|A0A0A0B9J5|A0A0A0B9J5_9CELL,Cytoplasmic,0.0000,0.1230,0.8672,0.0080,0.0015,0.0003
353,tr|A0A0A0BCX7|A0A0A0BCX7_9GAMM,Cytoplasmic,0.0004,0.0583,0.7770,0.0079,0.0741,0.0823
354,tr|A0A0A0BSB8|A0A0A0BSB8_9CELL,Cytoplasmic,0.0000,0.2677,0.7146,0.0130,0.0041,0.0005
355,tr|A0A0A0CWG7|A0A0A0CWG7_9PROT,Cytoplasmic,0.0000,0.0187,0.9767,0.0008,0.0029,0.0009
356,tr|A0A0A0DAN3|A0A0A0DAN3_9PROT,Cytoplasmic,0.0000,0.0263,0.9701,0.0024,0.0006,0.0006
357,tr|A0A0A0EDD6|A0A0A0EDD6_9RHOB,Cytoplasmic,0.0000,0.0003,0.9993,0.0001,0.0001,0.0002
358,tr|A0A0A0NDL0|A0A0A0NDL0_STRRN,Cytoplasmic,0.0000,0.0049,0.9748,0.0024,0.0119,0.0059
359,tr|A0A0A0NHT5|A0A0A0NHT5_STRRN,Cytoplasmic,0.0000,0.0147,0.9535,0.0270,0.0035,0.0012
360,tr|A0A0A0NNF9|A0A0A0NNF9_STRRN,Cytoplasmic,0.0000,0.0014,0.9981,0.0001,0.0003,0.0002
361,tr|A0A0A0NV82|A0A0A0NV82_STRRN,Cytoplasmic,0.0000,0.1127,0.8813,0.0027,0.0026,0.0006
362,tr|A0A0A0WJV6|A0A0A0WJV6_BACMY,Cytoplasmic,0.0000,0.0041,0.9532,0.0280,0.0142,0.0005
363,tr|A0A0A0WU15|A0A0A0WU15_BACMY,Cytoplasmic,0.0001,0.0127,0.9665,0.0115,0.0089,0.0002
364,tr|A0A0A1FJM9|A0A0A1FJM9_9BURK,Cytoplasmic,0.0000,0.0461,0.9396,0.0117,0.0017,0.0009
365,tr|A0A0A1GR13|A0A0A1GR13_BIFLN,Cytoplasmic,0.0000,0.1714,0.8141,0.0084,0.0037,0.0024
366,tr|A0A0A1HQI2|A0A0A1HQI2_9PSED,Cytoplasmic,0.0000,0.0020,0.9936,0.0003,0.0005,0.0036
367,tr|A0A0A1HX16|A0A0A1HX16_9PSED,Cytoplasmic,0.0000,0.0237,0.9397,0.0242,0.0084,0.0040
368,tr|A0A0A1I1E2|A0A0A1I1E2_9PSED,Cytoplasmic,0.0000,0.0199,0.9784,0.0002,0.0004,0.0010
369,tr|A0A0A1MT35|A0A0A1MT35_9BACI,Cytoplasmic,0.0000,0.0085,0.9811,0.0067,0.0017,0.0019
370,tr|A0A0A1PP47|A0A0A1PP47_UNCXX,Cytoplasmic,0.0000,0.0012,0.9975,0.0001,0.0008,0.0005
371,tr|A0A0A1Q016|A0A0A1Q016_UNCXX,Cytoplasmic,0.0000,0.0056,0.9899,0.0006,0.0034,0.0005
372,tr|A0A0A1Q3Q9|A0A0A1Q3Q9_UNCXX,Cytoplasmic,0.0000,0.0010,0.9869,0.0020,0.0052,0.0049
373,tr|A0A0A1VJD7|A0A0A1VJD7_9BURK,Cytoplasmic,0.0000,0.0373,0.9613,0.0002,0.0005,0.0007
374,tr|A0A0A1VK39|A0A0A1VK39_9BURK,Cytoplasmic,0.0000,0.0132,0.9796,0.0010,0.0034,0.0027
375,tr|A0A0A1VZT2|A0A0A1VZT2_MICAE,Cytoplasmic,0.0002,0.0180,0.9004,0.0025,0.0661,0.0128
376,tr|A0A0A1YIB2|A0A0A1YIB2_9PSED,Cytoplasmic,0.0002,0.2158,0.6872,0.0858,0.0067,0.0042
377,tr|A0A0A1YT18|A0A0A1YT18_PSEFL,Cytoplasmic,0.0000,0.0109,0.9839,0.0033,0.0016,0.0003
378,tr|A0A0A1Z2W0|A0A0A1Z2W0_PSEFL,Cytoplasmic,0.0000,0.0035,0.9918,0.0009,0.0007,0.0031
379,tr|A0A0A1ZAT1|A0A0A1ZAT1_PROMR,Outer Membrane,0.0001,0.0031,0.4856,0.0028,0.5077,0.0007
380,tr|A0A0A1ZYB9|A0A0A1ZYB9_PROMR,Cytoplasmic,0.0003,0.0069,0.7183,0.0037,0.2700,0.0007
381,tr|A0A0A2A886|A0A0A2A886_PROMR,Cytoplasmic,0.0001,0.0142,0.4944,0.0035,0.4871,0.0006
382,tr|A0A0A2A8L2|A0A0A2A8L2_PROMR,Outer Membrane,0.0001,0.0019,0.3641,0.0011,0.6322,0.0006
383,tr|A0A0A2AHU2|A0A0A2AHU2_PROMR,Outer Membrane,0.0001,0.0045,0.3548,0.0025,0.6376,0.0005
384,tr|A0A0A2B5J2|A0A0A2B5J2_PROMR,Outer Membrane,0.0002,0.0137,0.3416,0.0040,0.6395,0.0009
385,tr|A0A0A2BCY2|A0A0A2BCY2_PROMR,Cytoplasmic,0.0002,0.0150,0.5264,0.0023,0.4553,0.0008
386,tr|A0A0A2BGG5|A0A0A2BGG5_9CYAN,Cytoplasmic,0.0008,0.1283,0.6306,0.0052,0.2334,0.0018
387,tr|A0A0A2BN57|A0A0A2BN57_9CYAN,Cytoplasmic,0.0003,0.1133,0.8277,0.0042,0.0507,0.0038
388,tr|A0A0A2C661|A0A0A2C661_PROMR,Outer Membrane,0.0006,0.0252,0.4471,0.0038,0.5204,0.0028
389,tr|A0A0A2CF60|A0A0A2CF60_9CYAN,Cytoplasmic,0.0003,0.1007,0.8128,0.0047,0.0784,0.0031
390,tr|A0A0A2HW20|A0A0A2HW20_9BACT,Cytoplasmic,0.0000,0.0118,0.9848,0.0022,0.0009,0.0002
391,tr|A0A0A2V029|A0A0A2V029_9BACI,Cytoplasmic,0.0000,0.0030,0.9908,0.0009,0.0038,0.0014
392,tr|A0A0A3ANZ9|A0A0A3ANZ9_9PAST,Cytoplasmic,0.0000,0.0464,0.8849,0.0374,0.0277,0.0036
393,tr|A0A0A3XL81|A0A0A3XL81_BRAJP,Cytoplasmic,0.0002,0.0377,0.8971,0.0151,0.0458,0.0041
394,tr|A0A0A3Y005|A0A0A3Y005_BRAJP,Cytoplasmic,0.0000,0.0005,0.9974,0.0003,0.0013,0.0005
395,tr|A0A0A3Z5H2|A0A0A3Z5H2_BRAJP,Cytoplasmic,0.0000,0.0739,0.9028,0.0111,0.0035,0.0086
396,tr|A0A0A4A9V5|A0A0A4A9V5_9GAMM,Cytoplasmic,0.0000,0.0109,0.9708,0.0108,0.0036,0.0040
397,tr|A0A0A5G0G7|A0A0A5G0G7_9BACI,Cytoplasmic,0.0000,0.0022,0.9851,0.0032,0.0076,0.0019
398,tr|A0A0A5GJQ8|A0A0A5GJQ8_9BACI,Cytoplasmic,0.0000,0.0021,0.9855,0.0057,0.0059,0.0008
399,tr|A0A0A5HYX0|A0A0A5HYX0_PHOS4,Cytoplasmic,0.0000,0.0009,0.9972,0.0007,0.0007,0.0006
400,tr|A0A0A5I038|A0A0A5I038_PHOS4,Cytoplasmic,0.0000,0.0015,0.9949,0.0023,0.0011,0.0002
401,tr|A0A0A6D7M2|A0A0A6D7M2_9PSED,Cytoplasmic,0.0000,0.0085,0.9884,0.0009,0.0013,0.0009
402,tr|A0A0A6DAZ1|A0A0A6DAZ1_9PSED,Cytoplasmic,0.0000,0.0363,0.9618,0.0007,0.0007,0.0004
403,tr|A0A0A6DHN8|A0A0A6DHN8_9PSED,Cytoplasmic,0.0000,0.0041,0.9911,0.0007,0.0011,0.0030
404,tr|A0A0A6PHM1|A0A0A6PHM1_9GAMM,Cytoplasmic,0.0003,0.1025,0.8593,0.0200,0.0152,0.0027
405,tr|A0A0A6VM65|A0A0A6VM65_BIFLL,Cytoplasmic,0.0000,0.1477,0.8349,0.0122,0.0028,0.0023
406,tr|A0A0A6VQQ9|A0A0A6VQQ9_KOCRO,Cytoplasmic,0.0000,0.0090,0.9884,0.0018,0.0006,0.0002
407,tr|A0A0A7EKW2|A0A0A7EKW2_9GAMM,Cytoplasmic,0.0000,0.0027,0.9707,0.0008,0.0258,0.0001
408,tr|A0A0A7I3P3|A0A0A7I3P3_9BIFI,Cytoplasmic,0.0000,0.1086,0.8638,0.0124,0.0092,0.0060
409,tr|A0A0A7I624|A0A0A7I624_9BIFI,Cytoplasmic,0.0000,0.1010,0.8806,0.0115,0.0030,0.0039
410,tr|A0A0A7KDE6|A0A0A7KDE6_9DEIO,Cytoplasmic,0.0000,0.0029,0.9827,0.0110,0.0008,0.0027
411,tr|A0A0A7S0B2|A0A0A7S0B2_FRIPE,Cytoplasmic,0.0001,0.0247,0.8405,0.0489,0.0839,0.0019
412,tr|A0A0A8E5H5|A0A0A8E5H5_9GAMM,Cytoplasmic,0.0000,0.0003,0.9945,0.0020,0.0032,0.0000
413,tr|A0A0A8EGC3|A0A0A8EGC3_9ACTN,Cytoplasmic,0.0000,0.2515,0.7374,0.0095,0.0010,0.0007
414,tr|A0A0A8EYF3|A0A0A8EYF3_9ACTN,Cytoplasmic,0.0000,0.0497,0.9445,0.0034,0.0022,0.0002
415,tr|A0A0A8EZV6|A0A0A8EZV6_9ACTN,Cytoplasmic,0.0000,0.0150,0.9840,0.0002,0.0005,0.0002
416,tr|A0A0A8JQB9|A0A0A8JQB9_BACSX,Cytoplasmic,0.0000,0.0017,0.9877,0.0014,0.0074,0.0018
417,tr|A0A0A8K6C0|A0A0A8K6C0_9HYPH,Cytoplasmic,0.0000,0.0103,0.9792,0.0030,0.0057,0.0018
418,tr|A0A0A8MYB5|A0A0A8MYB5_BIFLI,Cytoplasmic,0.0000,0.1595,0.8249,0.0103,0.0032,0.0022
419,tr|A0A0A8TPX8|A0A0A8TPX8_ACIBZ,Cytoplasmic,0.0004,0.0313,0.8629,0.0766,0.0284,0.0003
420,tr|A0A0A8UKW8|A0A0A8UKW8_LEGHA,Cytoplasmic,0.0000,0.0083,0.9890,0.0006,0.0019,0.0002
421,tr|A0A0A8WM40|A0A0A8WM40_9BACT,Cytoplasmic,0.0000,0.0105,0.9719,0.0135,0.0036,0.0005
422,tr|A0A0B0D3P0|A0A0B0D3P0_9BACI,Cytoplasmic,0.0000,0.0011,0.9898,0.0026,0.0062,0.0003
423,tr|A0A0B0D3Z0|A0A0B0D3Z0_9BACI,Cytoplasmic,0.0000,0.0043,0.9827,0.0084,0.0026,0.0020
424,tr|A0A0B1LJK3|A0A0B1LJK3_ECOLX,Cytoplasmic,0.0000,0.0166,0.9808,0.0002,0.0003,0.0021
425,tr|A0A0B1R260|A0A0B1R260_9GAMM,Cytoplasmic,0.0000,0.0180,0.9624,0.0132,0.0013,0.0051
426,tr|A0A0B1R8G3|A0A0B1R8G3_9GAMM,Cytoplasmic,0.0001,0.0219,0.9403,0.0211,0.0072,0.0094
427,tr|A0A0B1Y7E1|A0A0B1Y7E1_9RALS,Cytoplasmic,0.0004,0.0204,0.9009,0.0254,0.0272,0.0257
428,tr|A0A0B1Y7P7|A0A0B1Y7P7_9RALS,Cytoplasmic,0.0000,0.0307,0.9563,0.0040,0.0069,0.0021
429,tr|A0A0B1Y8F4|A0A0B1Y8F4_9RALS,Cytoplasmic,0.0000,0.0125,0.9767,0.0085,0.0018,0.0004
430,tr|A0A0B1YDD4|A0A0B1YDD4_9RALS,Cytoplasmic,0.0000,0.0069,0.9855,0.0008,0.0045,0.0023
431,tr|A0A0B1YDE1|A0A0B1YDE1_9RALS,Cytoplasmic,0.0000,0.0013,0.9966,0.0003,0.0010,0.0008
432,tr|A0A0B1YG49|A0A0B1YG49_9RALS,Cytoplasmic,0.0000,0.0401,0.9545,0.0011,0.0011,0.0032
433,tr|A0A0B1YLU2|A0A0B1YLU2_9RALS,Cytoplasmic,0.0001,0.0119,0.8935,0.0114,0.0241,0.0591
434,tr|A0A0B1YZY6|A0A0B1YZY6_9PSED,Cytoplasmic,0.0000,0.0223,0.9745,0.0004,0.0006,0.0023
435,tr|A0A0B2A865|A0A0B2A865_9MICO,Cytoplasmic,0.0001,0.1023,0.8495,0.0466,0.0014,0.0001
436,tr|A0A0B2AJR3|A0A0B2AJR3_9MICC,Cytoplasmic,0.0000,0.0264,0.9520,0.0059,0.0025,0.0132
437,tr|A0A0B2AKQ3|A0A0B2AKQ3_9MICC,Cytoplasmic,0.0000,0.0413,0.9444,0.0049,0.0060,0.0035
438,tr|A0A0B2UCF2|A0A0B2UCF2_9GAMM,Cytoplasmic,0.0000,0.0014,0.9964,0.0005,0.0016,0.0001
439,tr|A0A0B2UFE1|A0A0B2UFE1_9GAMM,Cytoplasmic,0.0000,0.0029,0.9878,0.0074,0.0016,0.0002
440,tr|A0A0B3BC10|A0A0B3BC10_9THEO,Cytoplasmic,0.0010,0.0446,0.6700,0.0082,0.2749,0.0012
441,tr|A0A0B3S613|A0A0B3S613_9RHOB,Cytoplasmic,0.0000,0.0000,0.9994,0.0000,0.0000,0.0006
442,tr|A0A0B3W015|A0A0B3W015_9FIRM,Cytoplasmic,0.0000,0.0024,0.8681,0.0014,0.1280,0.0001
443,tr|A0A0B3Y6B7|A0A0B3Y6B7_9ALTE,Cytoplasmic,0.0001,0.0723,0.8440,0.0116,0.0699,0.0021
444,tr|A0A0B4B3M7|A0A0B4B3M7_9RHOB,Cytoplasmic,0.0000,0.0016,0.9972,0.0004,0.0002,0.0007
445,tr|A0A0B4BLB3|A0A0B4BLB3_9RHOB,Cytoplasmic,0.0000,0.0055,0.9902,0.0006,0.0016,0.0022
446,tr|A0A0B4C6B7|A0A0B4C6B7_9RHOB,Cytoplasmic,0.0000,0.0088,0.9828,0.0045,0.0015,0.0024
447,tr|A0A0B4DT07|A0A0B4DT07_PSEPS,Cytoplasmic,0.0000,0.0097,0.9672,0.0064,0.0071,0.0096
448,tr|A0A0B4E8A3|A0A0B4E8A3_9RHOB,Cytoplasmic,0.0000,0.0135,0.9822,0.0006,0.0024,0.0014
